# Apple TV (IR)

## Up
8850 4550 450 750 400 750 400 750 400 750 400 750 450 700 450 700 450 700 450 1750 450 1800 450 1800 450 1750 500 1750 450 1750 450 1800 500 1750 450 700 450 1750 450 1800 450 700 450 700 450 700 450 1750 500 650 500 1750 450 700 450 700 450 1800 450 1750 450 1800 450 700 450 1750 500

## Right
8800 4650 450 700 400 750 400 750 450 700 450 700 450 700 450 700 450 700 450 1750 500 1750 450 1800 450 1750 500 1750 450 1750 500 1750 450 1750 500 1750 450 1800 450 700 450 700 450 700 450 700 450 1750 450 700 500 650 500 650 500 1750 450 1800 450 1750 450 1800 450 700 450 1750 500

## Down
8850 4550 500 700 400 750 400 750 450 700 400 750 450 700 450 700 450 700 450 1750 500 1750 450 1800 450 1750 450 1800 450 1750 450 1800 500 1750 450 1750 450 700 450 1800 500 650 500 1700 450 700 450 700 500 700 450 700 450 1750 450 700 450 1800 450 700 450 1750 450 1800 450 1800 450

## Left
8800 4600 500 650 500 650 450 750 400 750 450 700 450 700 450 700 400 750 400 1800 450 1800 500 1700 450 1800 450 1750 450 1800 450 1800 400 1800 450 700 450 750 400 1800 450 700 450 700 450 700 450 1750 450 750 400 1800 450 1750 450 750 450 1750 450 1800 400 1800 500 650 500 1750 450
